<?xml version="1.0"?>
<opencv_storage>
<PatternName>enter13</PatternName>
<Descriptors type_id="opencv-matrix">
  <rows>139</rows>
  <cols>128</cols>
  <dt>f</dt>
  <data>
    4. 144. 38. 0. 0. 5. 1. 0. 0. 66. 49. 0. 0. 50. 33. 0. 0. 14. 11. 0.
    0. 49. 144. 1. 0. 1. 0. 0. 0. 3. 137. 30. 0. 144. 78. 0. 0. 0. 0. 0.
    12. 144. 144. 0. 0. 0. 0. 0. 81. 144. 54. 0. 0. 0. 4. 1. 16. 11. 0.
    0. 0. 0. 5. 1. 0. 10. 7. 0. 0. 0. 0. 0. 112. 59. 27. 0. 0. 0. 0. 13.
    144. 53. 4. 0. 0. 0. 0. 39. 40. 2. 0. 0. 0. 0. 0. 4. 1. 0. 0. 0. 0.
    0. 0. 0. 140. 0. 0. 0. 0. 0. 0. 27. 144. 0. 0. 0. 0. 0. 0. 55. 20.
    0. 0. 0. 0. 0. 0. 4. 1. 0. 0. 0. 0. 0. 0. 0. 134. 2. 0. 0. 0. 0. 0.
    14. 141. 6. 0. 0. 3. 0. 0. 36. 19. 0. 0. 28. 129. 3. 0. 4. 1. 0. 0.
    0. 0. 0. 9. 8. 141. 10. 0. 0. 0. 0. 18. 46. 141. 33. 0. 0. 3. 1. 2.
    38. 26. 3. 0. 1. 141. 47. 0. 2. 0. 0. 0. 0. 0. 0. 141. 114. 20. 0.
    0. 0. 0. 0. 141. 141. 94. 2. 0. 0. 0. 0. 43. 141. 12. 0. 0. 0. 35.
    55. 0. 10. 0. 0. 0. 0. 0. 0. 114. 84. 0. 0. 0. 0. 0. 0. 72. 57. 0.
    0. 0. 0. 0. 0. 14. 22. 0. 0. 0. 0. 1. 8. 0. 1. 0. 4. 45. 2. 0. 0. 0.
    0. 0. 7. 39. 0. 0. 0. 0. 0. 0. 6. 11. 0. 0. 0. 0. 0. 0. 0. 6. 1. 0.
    0. 0. 0. 0. 26. 154. 35. 9. 0. 0. 0. 12. 99. 154. 0. 0. 0. 0. 0. 66.
    131. 76. 16. 9. 0. 0. 0. 3. 7. 106. 78. 26. 0. 0. 0. 0. 5. 50. 23.
    46. 0. 0. 0. 109. 44. 68. 0. 0. 0. 0. 9. 154. 46. 8. 9. 57. 4. 0.
    27. 10. 2. 37. 63. 154. 12. 0. 1. 1. 0. 0. 5. 35. 0. 0. 0. 132. 0.
    0. 0. 0. 0. 0. 18. 154. 0. 0. 0. 48. 6. 0. 39. 5. 0. 0. 0. 154. 22.
    0. 1. 0. 0. 84. 12. 0. 0. 0. 0. 102. 50. 56. 4. 0. 0. 0. 0. 147. 61.
    2. 0. 0. 0. 0. 0. 11. 2. 0. 0. 0. 0. 0. 0. 0. 0. 1. 0. 0. 0. 50. 8.
    115. 11. 0. 0. 0. 0. 59. 41. 147. 32. 0. 0. 0. 0. 7. 40. 23. 2. 0.
    0. 0. 0. 0. 1. 0. 0. 6. 4. 0. 0. 147. 44. 14. 2. 31. 11. 0. 0. 147.
    99. 85. 21. 23. 2. 0. 0. 54. 122. 12. 3. 0. 0. 0. 0. 0. 4. 0. 0.
    140. 73. 0. 1. 39. 5. 4. 16. 147. 84. 0. 0. 23. 4. 90. 117. 84. 8.
    0. 0. 3. 4. 26. 14. 0. 0. 0. 0. 0. 0. 0. 0. 9. 2. 0. 32. 150. 0. 5.
    1. 12. 1. 0. 26. 150. 24. 84. 4. 3. 0. 0. 1. 79. 124. 24. 0. 0. 0.
    0. 0. 0. 13. 0. 0. 150. 27. 0. 6. 31. 0. 10. 42. 150. 20. 0. 5. 50.
    2. 81. 110. 62. 0. 0. 0. 22. 20. 13. 4. 0. 0. 0. 0. 0. 3. 0. 0. 123.
    9. 0. 0. 0. 0. 105. 30. 101. 5. 0. 0. 0. 9. 150. 39. 10. 0. 0. 0. 0.
    28. 26. 1. 0. 0. 0. 0. 0. 2. 0. 0. 0. 0. 0. 0. 67. 5. 89. 0. 0. 0.
    0. 0. 54. 62. 150. 0. 0. 0. 0. 0. 3. 67. 12. 0. 0. 0. 0. 0. 0. 2. 1.
    0. 0. 0. 45. 7. 0. 0. 141. 25. 0. 0. 0. 0. 0. 0. 151. 47. 0. 4. 51.
    0. 0. 0. 4. 1. 0. 11. 151. 0. 0. 0. 0. 0. 0. 0. 48. 49. 78. 0. 110.
    13. 0. 0. 0. 2. 95. 31. 151. 39. 0. 2. 60. 4. 9. 38. 9. 2. 0. 6.
    151. 41. 11. 1. 0. 0. 0. 0. 5. 55. 151. 0. 11. 0. 0. 0. 0. 8. 151.
    45. 64. 1. 0. 0. 16. 19. 79. 113. 3. 0. 0. 0. 54. 116. 94. 4. 0. 0.
    0. 0. 0. 2. 21. 0. 0. 0. 0. 0. 0. 1. 32. 1. 0. 0. 0. 0. 0. 1. 12. 5.
    0. 0. 0. 0. 0. 6. 16. 0. 128. 25. 13. 0. 0. 0. 0. 8. 7. 9. 39. 1. 3.
    0. 0. 0. 0. 3. 11. 4. 128. 14. 0. 0. 0. 0. 1. 2. 128. 15. 0. 0. 33.
    92. 125. 0. 0. 0. 0. 0. 10. 72. 128. 0. 0. 0. 0. 0. 49. 81. 60. 5.
    90. 29. 0. 1. 2. 0. 0. 0. 128. 69. 0. 0. 0. 9. 30. 0. 0. 4. 37. 0.
    65. 27. 46. 0. 0. 1. 26. 17. 128. 28. 5. 0. 22. 27. 3. 36. 9. 0. 0.
    0. 102. 128. 1. 3. 0. 0. 0. 0. 0. 19. 128. 0. 18. 0. 0. 0. 0. 11.
    128. 43. 85. 0. 0. 0. 2. 5. 32. 87. 5. 0. 0. 0. 18. 105. 3. 3. 0. 0.
    0. 0. 134. 22. 0. 0. 71. 4. 0. 0. 13. 2. 0. 13. 134. 8. 0. 0. 0. 0.
    39. 80. 9. 1. 0. 0. 0. 0. 94. 25. 0. 0. 0. 0. 134. 56. 12. 0. 80. 6.
    0. 0. 17. 11. 46. 27. 134. 23. 1. 0. 0. 0. 7. 36. 31. 4. 14. 3. 0.
    0. 1. 1. 0. 0. 0. 1. 54. 101. 104. 2. 9. 0. 7. 25. 3. 16. 134. 60.
    66. 5. 76. 68. 0. 1. 48. 82. 9. 3. 134. 73. 0. 0. 0. 1. 0. 0. 1. 48.
    7. 7. 18. 0. 0. 0. 37. 134. 5. 2. 23. 1. 0. 0. 96. 134. 0. 0. 2. 1.
    0. 0. 73. 40. 0. 0. 0. 0. 0. 65. 142. 0. 0. 0. 3. 1. 20. 118. 102.
    0. 0. 0. 3. 0. 15. 24. 2. 0. 0. 0. 4. 0. 0. 0. 0. 1. 1. 0. 4. 0. 27.
    64. 142. 0. 0. 1. 4. 2. 142. 142. 48. 0. 0. 0. 0. 4. 125. 23. 0. 0.
    0. 0. 0. 0. 1. 0. 0. 0. 6. 0. 0. 0. 27. 2. 1. 0. 0. 25. 142. 33.
    142. 3. 0. 0. 0. 1. 49. 137. 129. 0. 0. 0. 0. 0. 0. 21. 1. 0. 0. 0.
    6. 0. 0. 0. 0. 0. 0. 0. 0. 28. 142. 14. 26. 0. 0. 0. 0. 1. 112. 113.
    19. 0. 0. 0. 0. 0. 2. 26. 0. 0. 0. 0. 1. 1. 0. 0. 18. 0. 0. 3. 9. 0.
    0. 6. 140. 0. 0. 2. 1. 0. 0. 73. 111. 1. 1. 119. 115. 0. 0. 26. 0.
    0. 0. 115. 121. 0. 0. 0. 47. 1. 0. 2. 5. 0. 0. 8. 140. 29. 8. 22. 8.
    0. 0. 53. 62. 9. 8. 140. 140. 0. 0. 8. 0. 0. 0. 73. 76. 0. 0. 0. 25.
    13. 0. 1. 1. 0. 3. 1. 107. 139. 86. 33. 3. 0. 0. 2. 7. 20. 72. 140.
    63. 0. 0. 0. 1. 0. 0. 23. 17. 0. 0. 1. 0. 2. 0. 0. 0. 29. 112. 10.
    0. 15. 22. 2. 4. 49. 28. 0. 0. 2. 19. 15. 2. 3. 0. 0. 5. 0. 0. 2. 0.
    0. 0. 5. 1. 6. 2. 0. 0. 0. 0. 2. 1. 16. 42. 3. 0. 2. 23. 15. 0. 0.
    34. 18. 1. 15. 22. 2. 6. 1. 2. 4. 0. 2. 0. 1. 23. 0. 0. 0. 0. 0. 0.
    10. 116. 2. 0. 0. 2. 26. 78. 137. 11. 0. 0. 0. 67. 144. 82. 29. 5.
    2. 0. 0. 22. 27. 0. 0. 44. 5. 0. 0. 1. 0. 0. 1. 144. 37. 0. 0. 5.
    16. 5. 28. 82. 6. 0. 0. 144. 144. 7. 12. 1. 0. 0. 0. 95. 65. 0. 0.
    22. 4. 0. 0. 1. 0. 0. 0. 144. 47. 0. 0. 1. 1. 0. 1. 122. 16. 0. 0.
    138. 104. 1. 2. 0. 0. 0. 0. 137. 98. 0. 0. 1. 3. 1. 0. 27. 3. 0. 1.
    1. 8. 23. 2. 0. 0. 17. 17. 0. 0. 19. 8. 0. 0. 77. 30. 0. 0. 1. 2. 1.
    24. 71. 8. 15. 0. 0. 0. 46. 6. 0. 6. 117. 1. 0. 0. 0. 0. 67. 150.
    19. 0. 0. 0. 0. 4. 150. 150. 0. 0. 0. 0. 50. 150. 150. 23. 34. 2. 0.
    0. 60. 6. 0. 1. 150. 34. 0. 0. 0. 0. 4. 38. 122. 15. 0. 0. 1. 2. 30.
    36. 0. 0. 0. 0. 85. 89. 9. 2. 17. 2. 0. 0. 58. 10. 6. 4. 150. 32. 0.
    0. 0. 0. 4. 17. 139. 14. 0. 0. 0. 0. 0. 3. 1. 0. 0. 0. 23. 23. 0. 0.
    1. 0. 0. 0. 44. 4. 0. 0. 152. 15. 0. 0. 0. 0. 0. 0. 178. 37. 0. 0.
    0. 0. 0. 0. 22. 2. 0. 0. 1. 1. 0. 0. 0. 0. 0. 0. 56. 22. 59. 4. 134.
    8. 0. 0. 0. 0. 78. 44. 178. 28. 0. 0. 0. 0. 9. 51. 38. 3. 0. 0. 0.
    0. 0. 1. 0. 0. 0. 0. 10. 38. 178. 24. 16. 0. 0. 0. 0. 0. 178. 111.
    109. 1. 0. 0. 0. 0. 95. 167. 15. 0. 0. 0. 0. 0. 0. 7. 0. 0. 0. 0. 0.
    2. 59. 4. 0. 0. 0. 0. 0. 0. 54. 7. 0. 0. 0. 0. 0. 0. 16. 9. 0. 0. 0.
    0. 0. 0. 0. 1. 0. 10. 65. 0. 0. 0. 0. 0. 0. 9. 53. 0. 0. 0. 0. 0. 0.
    9. 15. 0. 0. 0. 0. 0. 0. 1. 0. 0. 0. 0. 0. 0. 0. 55. 172. 0. 0. 0.
    0. 0. 14. 121. 172. 0. 0. 0. 0. 0. 105. 168. 95. 0. 0. 0. 0. 1. 15.
    7. 0. 0. 0. 0. 0. 0. 0. 10. 64. 0. 0. 0. 1. 0. 124. 48. 79. 0. 0. 0.
    0. 11. 172. 54. 10. 0. 0. 0. 0. 39. 36. 1. 0. 0. 0. 0. 0. 3. 0. 0.
    0. 0. 0. 14. 94. 0. 115. 0. 0. 0. 0. 5. 65. 53. 172. 0. 0. 0. 0. 0.
    3. 77. 18. 0. 0. 0. 0. 0. 0. 3. 0. 66. 127. 0. 0. 0. 0. 0. 0. 48.
    80. 0. 0. 0. 0. 0. 0. 19. 17. 0. 0. 0. 0. 0. 0. 1. 0. 0. 0. 0. 0. 0.
    0. 123. 156. 0. 0. 0. 0. 0. 16. 156. 156. 0. 0. 0. 0. 0. 112. 156.
    70. 0. 0. 0. 0. 1. 18. 9. 0. 0. 0. 0. 0. 0. 0. 8. 16. 0. 0. 0. 0. 0.
    125. 49. 36. 0. 0. 0. 0. 14. 156. 49. 5. 0. 0. 0. 0. 46. 40. 1. 0.
    0. 0. 0. 0. 5. 1. 0. 0. 0. 0. 0. 2. 1. 147. 0. 0. 0. 0. 0. 1. 30.
    156. 0. 0. 0. 0. 0. 0. 60. 19. 0. 0. 0. 0. 0. 0. 3. 1. 0. 0. 0. 0.
    0. 0. 0. 151. 22. 0. 0. 0. 0. 0. 0. 159. 53. 0. 0. 0. 0. 0. 0. 24.
    5. 0. 0. 0. 0. 0. 0. 0. 0. 0. 0. 0. 0. 14. 7. 126. 16. 0. 0. 0. 0.
    31. 49. 159. 38. 0. 0. 0. 0. 5. 51. 46. 4. 0. 0. 0. 0. 0. 2. 0. 0.
    0. 0. 0. 1. 159. 116. 17. 0. 0. 0. 0. 0. 159. 159. 106. 1. 0. 0. 0.
    0. 74. 159. 18. 0. 0. 0. 0. 0. 0. 10. 0. 0. 0. 0. 0. 0. 124. 60. 0.
    0. 0. 0. 0. 0. 76. 42. 0. 0. 0. 0. 0. 0. 17. 17. 0. 0. 0. 0. 0. 0.
    0. 1. 1. 0. 0. 0. 0. 0. 0. 0. 127. 15. 0. 0. 0. 0. 0. 0. 146. 37. 0.
    0. 0. 0. 0. 0. 20. 2. 0. 0. 0. 0. 0. 0. 0. 0. 0. 0. 0. 0. 5. 6. 113.
    8. 0. 0. 0. 0. 21. 43. 146. 29. 0. 0. 0. 0. 4. 41. 35. 2. 0. 0. 0.
    0. 0. 1. 0. 0. 0. 0. 0. 0. 82. 146. 16. 0. 1. 0. 0. 0. 146. 146. 98.
    1. 5. 0. 0. 0. 54. 146. 15. 1. 3. 0. 0. 0. 0. 8. 2. 0. 2. 13. 0. 0.
    50. 146. 0. 0. 64. 69. 0. 0. 53. 62. 1. 9. 146. 34. 0. 0. 11. 14. 0.
    53. 108. 0. 0. 0. 0. 1. 0. 88. 109. 0. 0. 0. 0. 0. 0. 54. 64. 0. 0.
